function h = enhanced_spectralobject_colormap()
h = [1.0000    1.0000    1.0000
    0.9412    0.9412    0.9412
    0.8824    0.8824    0.8824
    0.8235    0.8235    0.8235
    0.7647    0.7647    0.7647
    0.7059    0.7059    0.7059
    0.6471    0.6471    0.6471
    0.5882    0.5882    0.5882
    0.5294    0.5294    0.5294
    0.4706    0.4706    0.4706
    0.4118    0.4118    0.4118
    0.3529    0.3529    0.3529
    0.2941    0.2941    0.2941
    0.2353    0.2353    0.2353
    0.1765    0.1765    0.1765
    0.1176    0.1176    0.1176
    0.0588    0.0588    0.0588
         0         0         0
         0         0    0.2000
         0         0    0.4000
         0         0    0.6000
         0         0    0.8000
         0         0    1.0000
         0    0.1111    1.0000
         0    0.2222    1.0000
         0    0.3333    1.0000
         0    0.4444    1.0000
         0    0.5556    1.0000
         0    0.6667    1.0000
         0    0.7778    1.0000
         0    0.8889    1.0000
         0    1.0000    1.0000
         0    1.0000    0.8750
         0    1.0000    0.7500
         0    1.0000    0.6250
         0    1.0000    0.5000
         0    1.0000    0.3750
         0    1.0000    0.2500
         0    1.0000    0.1250
         0    1.0000         0
         0    0.9294         0
         0    0.8588         0
         0    0.7882         0
         0    0.7176         0
         0    0.6471         0
         0    0.5765         0
         0    0.5059         0
    0.1569    0.4954    0.0209
    0.3137    0.4850    0.0418
    0.4706    0.4745    0.0627
    0.5765    0.5796    0.0502
    0.6824    0.6847    0.0376
    0.7882    0.7898    0.0251
    0.8941    0.8949    0.0125
    1.0000    1.0000         0
    1.0000    0.9289         0
    1.0000    0.8577         0
    1.0000    0.7866         0
    1.0000    0.7154         0
    1.0000    0.6443         0
    1.0000    0.5731         0
    1.0000    0.5020         0
    0.8755    0.3765         0
    0.7510    0.2510         0
    0.6265    0.1255         0
    0.5020         0         0
    0.6265         0         0
    0.7510         0         0
    0.8755         0         0
    1.0000         0         0
    0.9688         0    0.3187
    0.9375         0    0.6375
    0.9500    0.1600    0.7100
    0.9625    0.3200    0.7825
    0.9750    0.4800    0.8550
    0.9875    0.6400    0.9275
    1.0000    0.8000    1.0000
    0.9546    0.7524    0.8571
    0.9092    0.7048    0.7143
    0.8639    0.6571    0.5714
    0.8185    0.6095    0.4286
    0.7731    0.5619    0.2857
    0.7277    0.5143    0.1429
    0.6824    0.4667         0
    0.6706    0.4286         0
    0.6588    0.3905         0
    0.6471    0.3524         0
    0.6353    0.3143         0
    0.6235    0.2762         0
    0.6118    0.2381         0
    0.6000    0.2000         0];

    
    